PE   	DPE	AMP                 	DAMP               	FIT                 	DFIT                
19.5 	0	0.05091937765205092 	0.22565322433338045	0.029716341841151815	0.020936628332549917
20.5 	0	0.09335219236209336 	0.30553591010238607	0.046775701406704714	0.03091646787456197 
21.5 	0	0.12305516265912306 	0.35079219298485403	0.0705698637943494  	0.04361659288287287 
22.5 	0	0.14144271570014144 	0.37608870722230076	0.10231743334341124 	0.058965093571020706
23.5 	0	0.1782178217821782  	0.4221585268381751 	0.1429124979100707  	0.07655823283584637 
24.5 	0	0.2036775106082037  	0.4513064486667609 	0.19274774577766152 	0.09568038733327162 
25.5 	0	0.2743988684582744  	0.5238309540856424 	0.25157487175645565 	0.11535410436019217 
26.5 	0	0.31683168316831684 	0.5628780357842335 	0.3184381668228004  	0.13445031156754342 
27.5 	0	0.3635077793493635  	0.6029160632703059 	0.39169727124477965 	0.15183142628340326 
28.5 	0	0.4144271570014144  	0.6437601704061959 	0.46914036847520885 	0.16650334911779066 
29.5 	0	0.4766619519094767  	0.6904070914391571 	0.5481715551464137  	0.17774711785405917 
30.5 	0	0.5021216407355021  	0.708605419634582  	0.6260432164341103  	0.18520653737379483 
31.5 	0	0.6605374823196606  	0.8127345706438607 	0.7000979070341632  	0.18891748806046485 
32.5 	0	0.6888260254596889  	0.8299554358275442 	0.7679855171264609  	0.18927623909356164 
33.5 	0	0.7029702970297029  	0.8384332394589941 	0.8278291283645164  	0.1869547685313507  
34.5 	0	0.8203677510608204  	0.9057415476066119 	0.8783244004497218  	0.18277927726678792 
35.5 	0	0.8373408769448374  	0.9150633185440433 	0.9187695785172779  	0.17759360271543456 
36.5 	0	0.8939179632248939  	0.9454723492651141 	0.9490337008906763  	0.17213248306985152 
37.5 	0	0.9052333804809052  	0.9514375336725502 	0.969477697187145   	0.16692962372452616 
38.5 	0	0.8995756718528995  	0.9484596311139971 	0.9808462860087281  	0.16229204146900542 
39.5 	0	0.9476661951909476  	0.9734814816887621 	0.9841483226434097  	0.15832738267038698 
40.5 	0	0.9547383309759547  	0.9771071235928815 	0.9805404876224796  	0.15486316427679564 
41.5 	0	0.9533239038189534  	0.9763830722718176 	0.9712251021617796  	0.15174262758905518 
42.5 	0	0.9717114568599717  	0.9857542578452155 	0.9573684414138445  	0.1487522270795457  
43.5 	0	1.0                 	1.0                	0.9400419406205434  	0.14589068694337898 
44.5 	0	0.9717114568599717  	0.9857542578452155 	0.9201855771468692  	0.14298171594303066 
45.5 	0	0.958981612446959   	0.979276065492749  	0.8985906075870894  	0.1399777733906784  
46.5 	0	0.9490806223479491  	0.9742076895343975 	0.8758976915837493  	0.1368704459842893  
47.5 	0	0.8712871287128713  	0.9334276237142713 	0.8526060788350309  	0.13367681956070274 
48.5 	0	0.8698727015558698  	0.932669663683702  	0.8290897642212403  	0.13042704651067033 
49.5 	0	0.8104667609618105  	0.900259274299249  	0.8056171183067685  	0.12715502567116246 
50.5 	0	0.8147100424328148  	0.9026128973335218 	0.782371290665593   	0.12389249024965067 
51.5 	0	0.8217821782178217  	0.9065220230186477 	0.7594695113423076  	0.12066594822460386 
52.5 	0	0.768033946251768   	0.8763754596357477 	0.7369801717267905  	0.11749562762118482 
53.5 	0	0.7934936350777935  	0.8907825969773957 	0.7149371816824928  	0.11439561697352119 
54.5 	0	0.8033946251768034  	0.8963228353538715 	0.6933515445938387  	0.11137457850718786 
55.5 	0	0.7468175388967468  	0.8641860557176023 	0.6722203678981744  	0.10843663133611962 
56.5 	0	0.7043847241867044  	0.8392763097971397 	0.6515336589295972  	0.10558219298863893 
57.5 	0	0.6760961810466761  	0.8222506801740429 	0.6312792831488248  	0.10280870680779394 
58.5 	0	0.6605374823196606  	0.8127345706438607 	0.6114464260511557  	0.1001112683451635  
59.5 	0	0.652050919377652   	0.8074966992983018 	0.592027838412768   	0.09748320302700522 
60.5 	0	0.6336633663366337  	0.7960297521679913 	0.5730210842129388  	0.09491665031356217 
61.5 	0	0.6492220650636492  	0.8057431756233802 	0.5544289667654845  	0.09240318756490887 
62.5 	0	0.5615275813295615  	0.7493514404667289 	0.5362592855512648  	0.08993449202245973 
63.5 	0	0.5346534653465347  	0.7312000173321488 	0.5185240701683316  	0.08750300415618091 
64.5 	0	0.5997171145685997  	0.7744140459525509 	0.5012384406137366  	0.08510253106113222 
65.5 	0	0.5077793493635078  	0.7125863802820734 	0.48441924594071445 	0.08272872167017352 
66.5 	0	0.49646393210749645 	0.7046019671470528 	0.46808362923807983 	0.08037935771135651 
67.5 	0	0.4908062234794908  	0.7005756372294791 	0.45224765220703883 	0.07805443133808676 
68.5 	0	0.5374823196605375  	0.733131856940167  	0.4369250872768569  	0.07575601408472081 
69.5 	0	0.46534653465346537 	0.6821631290633241 	0.4221264520255821  	0.07348795314035181 
70.5 	0	0.44837340876944837 	0.6696069061542365 	0.40785832422447    	0.07125545258184861 
71.5 	0	0.41725601131541723 	0.6459535674608642 	0.39412294112859997 	0.06906460543522225 
72.5 	0	0.4073550212164074  	0.6382437004909702 	0.3809180580370423  	0.06692193747362622 
73.5 	0	0.3932107496463932  	0.6270651877168698 	0.3682370215432864  	0.06483400888447113 
74.5 	0	0.3917963224893918  	0.6259363565805967 	0.35606900339116526 	0.06280710036972315 
75.5 	0	0.355021216407355   	0.5958365685381815 	0.34439934079891116 	0.06084699096863912 
76.5 	0	0.3606789250353607  	0.6005655043668099 	0.3332099364926438  	0.058958819817497087
77.5 	0	0.32531824611032534 	0.5703667645562155 	0.3224796836539799  	0.05714701523547384 
78.5 	0	0.3352192362093352  	0.5789812054025029 	0.3121848944723253  	0.05541527205108012 
79.5 	0	0.2984441301272984  	0.5463004028254953 	0.30229972327662213 	0.05376656050395155 
80.5 	0	0.2956152758132956  	0.54370513682813   	0.29279658432724537 	0.052203155049149214
81.5 	0	0.26025459688826025 	0.5101515430617262 	0.2836465692575939  	0.05072667655241871 
82.5 	0	0.25884016973125884 	0.5087633730244925 	0.274819869832015   	0.04933814489800238 
83.5 	0	0.27015558698727016 	0.5197649343571286 	0.2662862089146732  	0.04803804015706345 
84.5 	0	0.2842998585572843  	0.5331977668344873 	0.25801527765617205 	0.04682636946982296 
85.5 	0	0.23055162659123055 	0.4801579183885553 	0.2499771714511905  	0.045702734713142894
86.5 	0	0.2531824611032532  	0.5031723970005243 	0.24214281264531257 	0.044666394106937644
87.5 	0	0.214992927864215   	0.4636732986319301 	0.23448434536295637 	0.043716310084428056
88.5 	0	0.20084865629420084 	0.44816141767693574	0.22697548776346    	0.042851176294515486
89.5 	0	0.18528995756718528 	0.4304532002055337 	0.2195918295289858  	0.042069418166257304
90.5 	0	0.17256011315417255 	0.41540355457575534	0.21231106696760252 	0.04136916336073965 
91.5 	0	0.18246110325318246 	0.42715465964119187	0.205113173942402   	0.04074818007793593 
92.5 	0	0.19377652050919378 	0.44020054578475226	0.19798051290354318 	0.04020378242613702 
93.5 	0	0.19801980198019803 	0.4449941594899848 	0.1908978956070939  	0.03973270327590155 
94.5 	0	0.18104667609618105 	0.4254958003273135 	0.1838526068326672  	0.03933093691880467 
95.5 	0	0.1485148514851485  	0.385376246654031  	0.1768344060335104  	0.03899355709540357 
96.5 	0	0.18528995756718528 	0.4304532002055337 	0.16983552118870152 	0.03871452076578421 
97.5 	0	0.15841584158415842 	0.39801487608399566	0.16285064634286026 	0.03848647390541882 
98.5 	0	0.13012729844413012 	0.36073161553172756	0.15587694987208986 	0.038300581487997254
99.5 	0	0.12305516265912306 	0.35079219298485403	0.14891409506690564 	0.03814640814116727 
100.5	0	0.13861386138613863 	0.37230882528639936	0.1419642689319025  	0.03801187725025804 
101.5	0	0.12022630834512023 	0.34673665561218103	0.13503220991952763 	0.03788333355583583 
102.5	0	0.09335219236209336 	0.30553591010238607	0.12812522129118625 	0.03774572736969331 
103.5	0	0.11456859971711457 	0.3384798365000707 	0.12125315441279638 	0.03758292813159637 
104.5	0	0.1173974540311174  	0.34263311870150176	0.11442834581387024 	0.03737816256333441 
105.5	0	0.07779349363507779 	0.278914850151579  	0.10766549331348235 	0.03711455991641654 
106.5	0	0.07496463932107496 	0.2737967116695797 	0.10098145977749637 	0.036775775478768195
107.5	0	0.09335219236209336 	0.30553591010238607	0.09439499777724163 	0.036346654962711014
108.5	0	0.08062234794908062 	0.2839407472503385 	0.08792639409789942 	0.03581389746599426 
109.5	0	0.06506364922206506 	0.2550757715308631 	0.0815970391486842  	0.03516667365527742 
110.5	0	0.07072135785007072 	0.26593487520457093	0.07542893230135932 	0.03439715848145189 
111.5	0	0.04809052333804809 	0.2192955160007794 	0.06944413947546348 	0.033500943582988885
112.5	0	0.04809052333804809 	0.2192955160007794 	0.06366422355640576 	0.032477302850945584
113.5	0	0.036775106082036775	0.19176836569683953	0.058109670762583304	0.03132929459242919 
114.5	0	0.036775106082036775	0.19176836569683953	0.05279933810963074 	0.030063694499201567
115.5	0	0.04950495049504951 	0.2224970797449924 	0.047749943257405565	0.028690764347135626
116.5	0	0.036775106082036775	0.19176836569683953	0.04297562830829994 	0.02722387131199926 
117.5	0	0.0297029702970297  	0.1723454968864278 	0.03848757930583574 	0.0256789813108836  
118.5	0	0.02545968882602546 	0.15956092512274256	0.034293851448786224	0.02407405581178374 
119.5	0	0.026874115983026876	0.16393326685888643	0.030398899689216444	0.02242838893111171 
120.5	0	0.024045261669024046	0.15506534644795414	0.026805048296800634	0.020761917407069518
