Name            OV	    BOX 	CH0     CH1	    TOTAL   ERROR
DF-XA           7.00	1.00	0.025	0.020	0.045	0.003  
DF-XA           7.00	2.00	0.028	0.019	0.047	0.004
DF-XA           7.00	3.00	0.032	0.017	0.049	0.004
DF-XA           4.50	1.00	0.020	0.015	0.035	0.002
DF-XA           4.50	2.00	0.023	0.015	0.037	0.003
DF-XA           4.50	3.00	0.026	0.013	0.039	0.003
DF-XA           3.50	1.00	0.017	0.013	0.030	0.002
DF-XA           3.50	2.00	0.020	0.013	0.032	0.003
DF-XA           3.50	3.00	0.022	0.011	0.034	0.003
DF-XA_1         7.00	1.00	0.025	0.019	0.044	0.003
DF-XA_1         7.00	2.00	0.028	0.018	0.046	0.004
DF-XA_1         7.00	3.00	0.031	0.016	0.047	0.003
DF-XA_1         4.50	1.00	0.020	0.014	0.034	0.002
DF-XA_1         4.50	2.00	0.022	0.014	0.036	0.003
DF-XA_1         4.50	3.00	0.025	0.012	0.037	0.003
DF-XA_1         3.50	1.00	0.017	0.012	0.030	0.002
DF-XA_1         3.50	2.00	0.019	0.012	0.031	0.003
DF-XA_1         3.50	3.00	0.022	0.010	0.032	0.002
noDF-XA         7.00	1.00	0.032	0.024	0.056	0.004
noDF-XA         7.00	2.00	0.037	0.023	0.060	0.006
noDF-XA         7.00	3.00	0.041	0.020	0.060	0.005
noDF-XA         4.50	1.00	0.025	0.018	0.043	0.003
noDF-XA         4.50	2.00	0.029	0.017	0.046	0.004
noDF-XA         4.50	3.00	0.033	0.015	0.048	0.004
noDF-XA         3.50	1.00	0.021	0.015	0.037	0.002
noDF-XA         3.50	2.00	0.025	0.014	0.039	0.004
noDF-XA         3.50	3.00	0.028	0.013	0.041	0.003
noDF-XA_24mg    7.00	1.00	0.031	0.024	0.054	0.004
noDF-XA_24mg    7.00	2.00	0.034	0.022	0.056	0.005
noDF-XA_24mg    7.00	3.00	0.037	0.019	0.056	0.004
noDF-XA_24mg    4.50	1.00	0.024	0.018	0.042	0.003
noDF-XA_24mg    4.50	2.00	0.027	0.016	0.043	0.004
noDF-XA_24mg    4.50	3.00	0.030	0.014	0.043	0.003
noDF-XA_24mg    3.50	1.00	0.020	0.015	0.035	0.002
noDF-XA_24mg    3.50	2.00	0.023	0.014	0.036	0.003
noDF-XA_24mg    3.50	3.00	0.025	0.011	0.037	0.003
DF-XA-DS        7.00	1.00	0.027	0.021	0.048	0.003
DF-XA-DS        7.00	2.00	0.030	0.020	0.051	0.005
DF-XA-DS        7.00	3.00	0.033	0.018	0.051	0.004
DF-XA-DS        4.50	1.00	0.022	0.016	0.039	0.003
DF-XA-DS        4.50	2.00	0.026	0.016	0.041	0.004
DF-XA-DS        4.50	3.00	0.027	0.014	0.041	0.003
DF-XA-DS        3.50	1.00	0.020	0.014	0.034	0.002
DF-XA-DS        3.50	2.00	0.023	0.013	0.036	0.003
DF-XA-DS        3.50	3.00	0.024	0.011	0.035	0.003
noDF-XA-DS      7.00	1.00	0.031	0.022	0.054	0.004
noDF-XA-DS      7.00	2.00	0.035	0.021	0.056	0.005
noDF-XA-DS      7.00	3.00	0.039	0.019	0.058	0.005
noDF-XA-DS      4.50	1.00	0.025	0.018	0.043	0.003
noDF-XA-DS      4.50	2.00	0.028	0.017	0.045	0.004
noDF-XA-DS      4.50	3.00	0.032	0.015	0.047	0.004
noDF-XA-DS      3.50	1.00	0.021	0.015	0.037	0.002
noDF-XA-DS      3.50	2.00	0.024	0.014	0.039	0.004
noDF-XA-DS      3.50	3.00	0.027	0.013	0.040	0.003
DF-XA_2         7.00	1.00	0.026	0.020	0.046	0.003
DF-XA_2         7.00	2.00	0.029	0.020	0.048	0.005
DF-XA_2         7.00	3.00	0.033	0.018	0.051	0.004
DF-XA_2         4.50	1.00	0.020	0.016	0.036	0.002
DF-XA_2         4.50	2.00	0.023	0.015	0.039	0.004
DF-XA_2         4.50	3.00	0.027	0.014	0.041	0.003
DF-XA_2         3.50	1.00	0.017	0.014	0.031	0.002
DF-XA_2         3.50	2.00	0.020	0.013	0.033	0.003
DF-XA_2         3.50	3.00	0.023	0.012	0.035	0.003